4924.769  26.0  32311.58209  0  0  0  0
4939.686  26.0  32311.58209  0  0  0  0
4950.105  26.0  32311.58209  0  0  0  0
4983.250  26.0  32311.58209  0  0  0  0
4983.852  26.0  32311.58209  0  0  0  0
5027.122  26.0  32311.58209  0  0  0  0
5079.222  26.0  32311.58209  0  0  0  0
5137.381  26.0  32311.58209  5137.29  5137.59  0  0
5162.272  26.0  32311.58209  0  0  0  0
5195.471  26.0  32311.58209  0  0  0  0
5198.711  26.0  32311.58209  0  0  0  0
5215.180  26.0  32311.58209  0  0  0  0
5216.274  26.0  32311.58209  0  0  0  0
5217.389  26.0  32311.58209  0  0  0  0
5250.645  26.0  32311.58209  5250.48  5250.84  0  0
5263.306  26.0  32311.58209  0  0  0  0
5273.163  26.0  32311.58209  5272.96  5273.24  0  0	
5283.621  26.0  32311.58209  0  0  0  0
5328.531  26.0  32311.58209  5328.33  5328.73  0  0
5369.961  26.0  32311.58209  0  0  0  0
5393.167  26.0  32311.58209  0  0  0  0
5405.774  26.0  32311.58209  0  0  0  0
5445.042  26.0  32311.58209  5444.90  5445.21  0  0
5463.275  26.0  32311.58209  5463.16  5463.40  0  0
5497.516  26.0  32311.58209  0  0  0  0
5506.779  26.0  32311.58209  0  0  0  0
5567.391  26.0  32311.58209  0  0  0  0
5572.842  26.0  32311.58209  0  0  0  0
5658.816  26.0  32311.58209  5658.64  5659.03  0  0
5662.516  26.0  32311.58209  5662.33  5662.69  0  0
5711.088  12.0  32311.58209  5710.92  5711.26  0  0
