5930.180  26.0  38844.08246  0  0  0  0
6136.994  26.0  38844.08246  6136.86  6137.13  0  0
6137.691  26.0  38844.08246  0  0  0  0
6173.334  26.0  38844.08246  0  0  0  0
6191.557  26.0  38844.08246  0  0  0  0
6213.429  26.0  38844.08246  0  0  0  0
6252.555  26.0  38844.08246  0  0  0  0
6265.132  26.0  38844.08246  0  0  0  0
6301.500  26.0  38844.08246  0  0  0  0
6335.330  26.0  38844.08246  0  0  0  0
6336.823  26.0  38844.08246  0  0  0  0
6393.600  26.0  38844.08246  0  0  0  0
6400.000  26.0  38844.08246  0  0  0  0
6400.316  26.0  38844.08246  0  0  0  0
6411.648  26.0  38844.08246  0  0  0  0
6419.948  26.0  38844.08246  0  0  0  0
6475.624  26.0  38844.08246  0  0  0  0
6481.869  26.0  38844.08246  0  0  0  0
6494.980  26.0  38844.08246  0  0  0  0
6574.226  26.0  38844.08246  0  0  0  0
6609.109  26.0  38844.08246  0  0  0  0
6663.441  26.0  38844.08246  0  0  0  0
6750.151  26.0  38844.08246  0  0  0  0
6122.217  20.0  38844.08246  0  0  0  0
6161.297  20.0  38844.08246  0  0  0  0
6162.173  20.0  38844.08246  0  0  0  0
6163.755  20.0  38844.08246  6163.65  6163.95  0  0
6166.439  20.0  38844.08246  0  0  0  0
6169.563  20.0  38844.08246  0  0  0  0
6439.075  20.0  38844.08246  0  0  0  0
6449.808  20.0  38844.08246  0  0  0  0
6493.781  20.0  38844.08246  0  0  0  0
6499.650  20.0  38844.08246  0  0  0  0
6717.681  20.0  38844.08246  0  0  0  0